7.843137718737125397e-03 1.176470611244440079e-02
1.176470611244440079e-02 1.568627543747425079e-02
1.176470611244440079e-02 1.568627543747425079e-02
1.176470611244440079e-02 1.568627543747425079e-02
1.176470611244440079e-02 1.568627543747425079e-02
1.176470611244440079e-02 1.568627543747425079e-02
1.176470611244440079e-02 1.568627543747425079e-02
1.176470611244440079e-02 1.568627543747425079e-02
1.176470611244440079e-02 1.568627543747425079e-02
1.176470611244440079e-02 1.568627543747425079e-02
1.176470611244440079e-02 1.568627543747425079e-02
1.176470611244440079e-02 1.568627543747425079e-02
1.176470611244440079e-02 1.568627543747425079e-02
1.176470611244440079e-02 1.568627543747425079e-02
1.176470611244440079e-02 1.568627543747425079e-02
1.176470611244440079e-02 1.568627543747425079e-02
1.176470611244440079e-02 1.568627543747425079e-02
1.176470611244440079e-02 1.568627543747425079e-02
1.176470611244440079e-02 1.568627543747425079e-02
1.176470611244440079e-02 1.568627543747425079e-02
1.176470611244440079e-02 1.568627543747425079e-02
1.176470611244440079e-02 1.568627543747425079e-02
1.176470611244440079e-02 1.568627543747425079e-02
1.176470611244440079e-02 1.568627543747425079e-02
1.176470611244440079e-02 1.568627543747425079e-02
1.176470611244440079e-02 1.568627543747425079e-02
1.176470611244440079e-02 1.568627543747425079e-02
1.176470611244440079e-02 1.568627543747425079e-02
1.176470611244440079e-02 1.568627543747425079e-02
1.176470611244440079e-02 1.568627543747425079e-02
1.176470611244440079e-02 1.568627543747425079e-02
1.176470611244440079e-02 1.568627543747425079e-02
1.176470611244440079e-02 1.568627543747425079e-02
1.176470611244440079e-02 1.568627543747425079e-02
1.176470611244440079e-02 1.568627543747425079e-02
1.176470611244440079e-02 1.568627543747425079e-02
1.176470611244440079e-02 1.568627543747425079e-02
1.176470611244440079e-02 1.568627543747425079e-02
1.176470611244440079e-02 1.568627543747425079e-02
1.176470611244440079e-02 1.568627543747425079e-02
1.176470611244440079e-02 1.568627543747425079e-02
1.176470611244440079e-02 1.568627543747425079e-02
1.176470611244440079e-02 1.568627543747425079e-02
1.176470611244440079e-02 1.568627543747425079e-02
1.176470611244440079e-02 1.568627543747425079e-02
1.176470611244440079e-02 1.568627543747425079e-02
1.176470611244440079e-02 1.568627543747425079e-02
1.176470611244440079e-02 1.568627543747425079e-02
1.176470611244440079e-02 1.568627543747425079e-02
1.176470611244440079e-02 1.568627543747425079e-02
1.176470611244440079e-02 1.568627543747425079e-02
1.176470611244440079e-02 1.568627543747425079e-02
1.176470611244440079e-02 1.568627543747425079e-02
1.176470611244440079e-02 1.568627543747425079e-02
1.176470611244440079e-02 1.568627543747425079e-02
1.176470611244440079e-02 1.568627543747425079e-02
1.176470611244440079e-02 1.568627543747425079e-02
1.176470611244440079e-02 1.568627543747425079e-02
1.176470611244440079e-02 1.568627543747425079e-02
1.176470611244440079e-02 1.568627543747425079e-02
1.176470611244440079e-02 1.568627543747425079e-02
1.176470611244440079e-02 1.568627543747425079e-02
1.176470611244440079e-02 1.568627543747425079e-02
1.176470611244440079e-02 1.568627543747425079e-02
1.176470611244440079e-02 1.568627543747425079e-02
1.176470611244440079e-02 1.568627543747425079e-02
1.176470611244440079e-02 1.568627543747425079e-02
1.176470611244440079e-02 1.568627543747425079e-02
1.176470611244440079e-02 1.568627543747425079e-02
1.176470611244440079e-02 1.568627543747425079e-02
1.176470611244440079e-02 1.568627543747425079e-02
1.176470611244440079e-02 1.568627543747425079e-02
1.176470611244440079e-02 1.568627543747425079e-02
1.176470611244440079e-02 1.568627543747425079e-02
1.176470611244440079e-02 1.568627543747425079e-02
1.176470611244440079e-02 1.568627543747425079e-02
1.176470611244440079e-02 1.568627543747425079e-02
1.176470611244440079e-02 1.568627543747425079e-02
1.176470611244440079e-02 1.568627543747425079e-02
1.176470611244440079e-02 1.568627543747425079e-02
1.176470611244440079e-02 1.568627543747425079e-02
1.176470611244440079e-02 1.568627543747425079e-02
1.176470611244440079e-02 1.568627543747425079e-02
1.176470611244440079e-02 1.568627543747425079e-02
1.176470611244440079e-02 1.568627543747425079e-02
1.176470611244440079e-02 1.568627543747425079e-02
1.176470611244440079e-02 1.568627543747425079e-02
1.176470611244440079e-02 1.568627543747425079e-02
1.176470611244440079e-02 1.568627543747425079e-02
1.176470611244440079e-02 1.568627543747425079e-02
1.176470611244440079e-02 1.568627543747425079e-02
1.176470611244440079e-02 1.568627543747425079e-02
1.176470611244440079e-02 1.568627543747425079e-02
1.176470611244440079e-02 1.568627543747425079e-02
1.176470611244440079e-02 1.568627543747425079e-02
1.176470611244440079e-02 1.568627543747425079e-02
1.176470611244440079e-02 1.568627543747425079e-02
1.176470611244440079e-02 1.568627543747425079e-02
1.176470611244440079e-02 1.568627543747425079e-02
1.176470611244440079e-02 1.568627543747425079e-02
1.176470611244440079e-02 1.568627543747425079e-02
1.176470611244440079e-02 1.568627543747425079e-02
1.176470611244440079e-02 1.568627543747425079e-02
1.176470611244440079e-02 1.568627543747425079e-02
1.176470611244440079e-02 1.568627543747425079e-02
1.176470611244440079e-02 1.568627543747425079e-02
1.176470611244440079e-02 1.568627543747425079e-02
1.176470611244440079e-02 1.568627543747425079e-02
1.176470611244440079e-02 1.960784383118152618e-02
1.176470611244440079e-02 1.960784383118152618e-02
1.176470611244440079e-02 1.960784383118152618e-02
1.568627543747425079e-02 1.960784383118152618e-02
1.568627543747425079e-02 1.960784383118152618e-02
1.176470611244440079e-02 1.960784383118152618e-02
1.176470611244440079e-02 1.960784383118152618e-02
1.176470611244440079e-02 1.960784383118152618e-02
1.568627543747425079e-02 1.960784383118152618e-02
1.176470611244440079e-02 2.352941222488880157e-02
1.960784383118152618e-02 2.352941222488880157e-02
1.960784383118152618e-02 2.352941222488880157e-02
1.960784383118152618e-02 2.352941222488880157e-02
1.176470611244440079e-02 2.352941222488880157e-02
1.176470611244440079e-02 2.745098061859607697e-02
2.352941222488880157e-02 2.745098061859607697e-02
1.568627543747425079e-02 2.745098061859607697e-02
1.568627543747425079e-02 2.745098061859607697e-02
1.568627543747425079e-02 2.745098061859607697e-02
1.568627543747425079e-02 2.745098061859607697e-02
2.352941222488880157e-02 2.745098061859607697e-02
2.352941222488880157e-02 2.745098061859607697e-02
2.352941222488880157e-02 2.745098061859607697e-02
1.176470611244440079e-02 3.137255087494850159e-02
2.745098061859607697e-02 3.137255087494850159e-02
2.745098061859607697e-02 3.137255087494850159e-02
2.745098061859607697e-02 3.137255087494850159e-02
2.745098061859607697e-02 3.137255087494850159e-02
2.745098061859607697e-02 3.137255087494850159e-02
2.745098061859607697e-02 3.137255087494850159e-02
1.568627543747425079e-02 3.137255087494850159e-02
2.745098061859607697e-02 3.137255087494850159e-02
2.745098061859607697e-02 3.137255087494850159e-02
2.745098061859607697e-02 3.137255087494850159e-02
3.137255087494850159e-02 3.529411926865577698e-02
3.137255087494850159e-02 3.529411926865577698e-02
2.745098061859607697e-02 3.529411926865577698e-02
1.960784383118152618e-02 3.529411926865577698e-02
3.137255087494850159e-02 3.529411926865577698e-02
3.137255087494850159e-02 3.529411926865577698e-02
3.137255087494850159e-02 3.529411926865577698e-02
1.568627543747425079e-02 3.529411926865577698e-02
3.137255087494850159e-02 3.529411926865577698e-02
3.137255087494850159e-02 3.529411926865577698e-02
2.745098061859607697e-02 3.529411926865577698e-02
2.352941222488880157e-02 3.529411926865577698e-02
3.137255087494850159e-02 3.529411926865577698e-02
3.137255087494850159e-02 3.529411926865577698e-02
2.745098061859607697e-02 3.921568766236305237e-02
3.137255087494850159e-02 3.921568766236305237e-02
2.745098061859607697e-02 3.921568766236305237e-02
3.137255087494850159e-02 3.921568766236305237e-02
1.960784383118152618e-02 3.921568766236305237e-02
1.568627543747425079e-02 3.921568766236305237e-02
1.960784383118152618e-02 3.921568766236305237e-02
3.529411926865577698e-02 3.921568766236305237e-02
3.529411926865577698e-02 3.921568766236305237e-02
2.745098061859607697e-02 3.921568766236305237e-02
3.137255087494850159e-02 4.313725605607032776e-02
3.529411926865577698e-02 4.313725605607032776e-02
3.921568766236305237e-02 4.313725605607032776e-02
3.921568766236305237e-02 4.313725605607032776e-02
3.529411926865577698e-02 4.313725605607032776e-02
3.137255087494850159e-02 4.705882444977760315e-02
4.313725605607032776e-02 4.705882444977760315e-02
4.313725605607032776e-02 4.705882444977760315e-02
4.313725605607032776e-02 4.705882444977760315e-02
3.921568766236305237e-02 4.705882444977760315e-02
2.745098061859607697e-02 4.705882444977760315e-02
2.745098061859607697e-02 5.098039284348487854e-02
3.529411926865577698e-02 5.098039284348487854e-02
4.705882444977760315e-02 5.098039284348487854e-02
4.705882444977760315e-02 5.098039284348487854e-02
4.313725605607032776e-02 5.490196123719215393e-02
4.313725605607032776e-02 5.490196123719215393e-02
2.745098061859607697e-02 5.490196123719215393e-02
2.745098061859607697e-02 5.490196123719215393e-02
3.529411926865577698e-02 5.882352963089942932e-02
4.313725605607032776e-02 5.882352963089942932e-02
2.745098061859607697e-02 6.274510174989700317e-02
5.490196123719215393e-02 6.274510174989700317e-02
3.137255087494850159e-02 6.274510174989700317e-02
4.313725605607032776e-02 6.274510174989700317e-02
2.745098061859607697e-02 6.274510174989700317e-02
3.529411926865577698e-02 6.666667014360427856e-02
5.490196123719215393e-02 6.666667014360427856e-02
3.137255087494850159e-02 6.666667014360427856e-02
6.274510174989700317e-02 7.058823853731155396e-02
6.274510174989700317e-02 7.058823853731155396e-02
3.529411926865577698e-02 7.058823853731155396e-02
5.098039284348487854e-02 7.450980693101882935e-02
3.529411926865577698e-02 7.450980693101882935e-02
6.666667014360427856e-02 7.843137532472610474e-02
7.843137532472610474e-02 8.235294371843338013e-02
7.843137532472610474e-02 8.235294371843338013e-02
7.843137532472610474e-02 8.235294371843338013e-02
5.882352963089942932e-02 8.235294371843338013e-02
5.098039284348487854e-02 8.235294371843338013e-02
7.058823853731155396e-02 8.627451211214065552e-02
7.450980693101882935e-02 9.019608050584793091e-02
9.019608050584793091e-02 9.411764889955520630e-02
8.627451211214065552e-02 9.803921729326248169e-02
9.803921729326248169e-02 1.019607856869697571e-01
7.843137532472610474e-02 1.019607856869697571e-01
1.568627543747425079e-02 1.058823540806770325e-01
1.058823540806770325e-01 1.098039224743843079e-01
1.058823540806770325e-01 1.372549086809158325e-01
9.411764889955520630e-02 1.450980454683303833e-01
8.627451211214065552e-02 1.568627506494522095e-01
9.411764889955520630e-02 1.568627506494522095e-01
9.019608050584793091e-02 1.568627506494522095e-01
9.411764889955520630e-02 1.568627506494522095e-01
1.568627506494522095e-01 1.607843190431594849e-01
1.294117718935012817e-01 1.607843190431594849e-01
9.803921729326248169e-02 1.725490242242813110e-01
1.686274558305740356e-01 1.803921610116958618e-01
9.411764889955520630e-02 1.803921610116958618e-01
1.176470592617988586e-01 1.882352977991104126e-01
1.215686276555061340e-01 2.000000029802322388e-01
7.843137532472610474e-02 2.156862765550613403e-01
1.725490242242813110e-01 2.196078449487686157e-01
1.333333402872085571e-01 2.196078449487686157e-01
1.372549086809158325e-01 2.196078449487686157e-01
8.235294371843338013e-02 2.235294133424758911e-01
1.450980454683303833e-01 2.313725501298904419e-01
1.137254908680915833e-01 2.313725501298904419e-01
1.058823540806770325e-01 2.352941185235977173e-01
1.921568661928176880e-01 2.392156869173049927e-01
9.019608050584793091e-02 2.509804069995880127e-01
1.137254908680915833e-01 2.549019753932952881e-01
7.450980693101882935e-02 2.549019753932952881e-01
1.411764770746231079e-01 2.588235437870025635e-01
1.921568661928176880e-01 2.627451121807098389e-01
1.647058874368667603e-01 2.705882489681243896e-01
1.490196138620376587e-01 2.745098173618316650e-01
2.392156869173049927e-01 2.823529541492462158e-01
1.450980454683303833e-01 2.862745225429534912e-01
2.039215713739395142e-01 2.941176593303680420e-01
1.294117718935012817e-01 3.019607961177825928e-01
1.058823540806770325e-01 3.098039329051971436e-01
1.019607856869697571e-01 3.098039329051971436e-01
1.921568661928176880e-01 3.137255012989044189e-01
1.137254908680915833e-01 3.176470696926116943e-01
2.156862765550613403e-01 3.215686380863189697e-01
1.411764770746231079e-01 3.254902064800262451e-01
1.803921610116958618e-01 3.254902064800262451e-01
1.294117718935012817e-01 3.294117748737335205e-01
3.254902064800262451e-01 3.333333432674407959e-01
1.176470592617988586e-01 3.372549116611480713e-01
2.117647081613540649e-01 3.411764800548553467e-01
1.019607856869697571e-01 3.529411852359771729e-01
7.058823853731155396e-02 3.568627536296844482e-01
2.352941185235977173e-01 3.607843220233917236e-01
8.627451211214065552e-02 3.686274588108062744e-01
2.000000029802322388e-01 3.725490272045135498e-01
3.294117748737335205e-01 3.764705955982208252e-01
1.098039224743843079e-01 3.764705955982208252e-01
9.411764889955520630e-02 3.803921639919281006e-01
9.411764889955520630e-02 3.803921639919281006e-01
3.764705955982208252e-01 3.843137323856353760e-01
2.705882489681243896e-01 3.843137323856353760e-01
3.725490272045135498e-01 4.000000059604644775e-01
3.058823645114898682e-01 4.039215743541717529e-01
3.294117748737335205e-01 4.039215743541717529e-01
3.803921639919281006e-01 4.078431427478790283e-01
8.235294371843338013e-02 4.196078479290008545e-01
3.411764800548553467e-01 4.274509847164154053e-01
2.901960909366607666e-01 4.470588266849517822e-01
9.019608050584793091e-02 4.627451002597808838e-01
3.725490272045135498e-01 4.627451002597808838e-01
1.450980454683303833e-01 4.627451002597808838e-01
9.411764889955520630e-02 4.705882370471954346e-01
7.450980693101882935e-02 4.901960790157318115e-01
3.411764800548553467e-01 4.980392158031463623e-01
4.000000059604644775e-01 5.372549295425415039e-01
4.901960790157318115e-01 5.372549295425415039e-01
5.411764979362487793e-01 5.568627715110778809e-01
5.725490450859069824e-01 5.764706134796142578e-01
5.960784554481506348e-01 6.039215922355651855e-01
5.098039507865905762e-01 6.156862974166870117e-01
4.470588266849517822e-01 6.156862974166870117e-01
5.058823823928833008e-01 6.156862974166870117e-01
5.294117927551269531e-01 6.352941393852233887e-01
5.960784554481506348e-01 6.392157077789306641e-01
6.117647290229797363e-01 6.392157077789306641e-01
5.098039507865905762e-01 6.431372761726379395e-01
5.215686559677124023e-01 6.509804129600524902e-01
4.666666686534881592e-01 6.509804129600524902e-01
5.843137502670288086e-01 6.588235497474670410e-01
5.843137502670288086e-01 6.705882549285888672e-01
5.960784554481506348e-01 6.862745285034179688e-01
6.980392336845397949e-01 7.490196228027343750e-01
6.313725709915161133e-01 7.529411911964416504e-01
5.764706134796142578e-01 7.803921699523925781e-01
7.450980544090270996e-01 7.882353067398071289e-01
6.431372761726379395e-01 7.921568751335144043e-01
6.862745285034179688e-01 7.921568751335144043e-01
6.901960968971252441e-01 8.196078538894653320e-01
5.882353186607360840e-01 8.313725590705871582e-01
6.392157077789306641e-01 8.352941274642944336e-01
7.686274647712707520e-01 8.431372642517089844e-01
6.901960968971252441e-01 8.431372642517089844e-01
5.843137502670288086e-01 8.509804010391235352e-01
5.843137502670288086e-01 8.509804010391235352e-01
8.156862854957580566e-01 8.627451062202453613e-01
8.235294222831726074e-01 8.666666746139526367e-01
5.882353186607360840e-01 8.666666746139526367e-01
8.666666746139526367e-01 8.745098114013671875e-01
7.764706015586853027e-01 8.745098114013671875e-01
5.490196347236633301e-01 8.862745165824890137e-01
5.725490450859069824e-01 9.019607901573181152e-01
8.117647171020507812e-01 9.058823585510253906e-01
3.215686380863189697e-01 9.058823585510253906e-01
8.117647171020507812e-01 9.098039269447326660e-01
5.764706134796142578e-01 9.137254953384399414e-01
7.647058963775634766e-01 9.137254953384399414e-01
8.392156958580017090e-01 9.215686321258544922e-01
7.450980544090270996e-01 9.294117689132690430e-01
5.686274766921997070e-01 9.333333373069763184e-01
8.000000119209289551e-01 9.333333373069763184e-01
9.372549057006835938e-01 9.490196108818054199e-01
9.215686321258544922e-01 9.490196108818054199e-01
8.901960849761962891e-01 9.803921580314636230e-01
7.960784435272216797e-01 9.921568632125854492e-01
1.176470611244440079e-02 1.000000000000000000e+00
1.176470611244440079e-02 1.000000000000000000e+00
1.176470611244440079e-02 1.000000000000000000e+00
1.176470611244440079e-02 1.000000000000000000e+00
1.176470611244440079e-02 1.000000000000000000e+00
1.176470611244440079e-02 1.000000000000000000e+00
1.176470611244440079e-02 1.000000000000000000e+00
3.529411926865577698e-02 1.000000000000000000e+00
7.058823853731155396e-02 1.000000000000000000e+00
1.176470611244440079e-02 1.000000000000000000e+00
1.176470611244440079e-02 1.000000000000000000e+00
1.176470611244440079e-02 1.000000000000000000e+00
4.901960790157318115e-01 1.000000000000000000e+00
1.176470611244440079e-02 1.000000000000000000e+00
1.176470611244440079e-02 1.000000000000000000e+00
1.176470611244440079e-02 1.000000000000000000e+00
1.176470611244440079e-02 1.000000000000000000e+00
1.176470611244440079e-02 1.000000000000000000e+00
2.745098061859607697e-02 1.000000000000000000e+00
7.058823853731155396e-02 1.000000000000000000e+00
1.176470611244440079e-02 1.000000000000000000e+00
1.176470611244440079e-02 1.000000000000000000e+00
4.705882444977760315e-02 1.000000000000000000e+00
5.882352963089942932e-02 1.000000000000000000e+00
5.098039284348487854e-02 1.000000000000000000e+00
4.705882444977760315e-02 1.000000000000000000e+00
1.176470611244440079e-02 1.000000000000000000e+00
4.862745106220245361e-01 1.000000000000000000e+00
1.176470611244440079e-02 1.000000000000000000e+00
1.176470611244440079e-02 1.000000000000000000e+00
1.176470611244440079e-02 1.000000000000000000e+00
4.705882444977760315e-02 1.000000000000000000e+00
5.490196123719215393e-02 1.000000000000000000e+00
4.705882444977760315e-02 1.000000000000000000e+00
8.156862854957580566e-01 1.000000000000000000e+00
3.098039329051971436e-01 1.000000000000000000e+00
5.882352963089942932e-02 1.000000000000000000e+00
9.019608050584793091e-02 1.000000000000000000e+00
1.019607856869697571e-01 1.000000000000000000e+00
3.803921639919281006e-01 1.000000000000000000e+00
3.647058904170989990e-01 1.000000000000000000e+00
3.725490272045135498e-01 1.000000000000000000e+00
9.450980424880981445e-01 1.000000000000000000e+00
8.039215803146362305e-01 1.000000000000000000e+00
9.686274528503417969e-01 1.000000000000000000e+00
1.176470611244440079e-02 1.000000000000000000e+00
5.490196123719215393e-02 1.000000000000000000e+00
3.921568766236305237e-02 1.000000000000000000e+00
4.705882444977760315e-02 1.000000000000000000e+00
3.137255087494850159e-02 1.000000000000000000e+00
3.921568766236305237e-02 1.000000000000000000e+00
5.607843399047851562e-01 1.000000000000000000e+00
7.450980544090270996e-01 1.000000000000000000e+00
1.647058874368667603e-01 1.000000000000000000e+00
4.823529422283172607e-01 1.000000000000000000e+00
2.705882489681243896e-01 1.000000000000000000e+00
2.823529541492462158e-01 1.000000000000000000e+00
2.941176593303680420e-01 1.000000000000000000e+00
9.215686321258544922e-01 1.000000000000000000e+00
2.705882489681243896e-01 1.000000000000000000e+00
3.921568766236305237e-02 1.000000000000000000e+00
6.000000238418579102e-01 1.000000000000000000e+00
1.176470611244440079e-02 1.000000000000000000e+00
8.039215803146362305e-01 1.000000000000000000e+00
4.313725605607032776e-02 1.000000000000000000e+00
8.470588326454162598e-01 1.000000000000000000e+00
8.470588326454162598e-01 1.000000000000000000e+00
2.549019753932952881e-01 1.000000000000000000e+00
2.901960909366607666e-01 1.000000000000000000e+00
1.568627506494522095e-01 1.000000000000000000e+00
9.960784316062927246e-01 1.000000000000000000e+00
8.431372642517089844e-01 1.000000000000000000e+00
9.098039269447326660e-01 1.000000000000000000e+00
9.647058844566345215e-01 1.000000000000000000e+00
9.529411792755126953e-01 1.000000000000000000e+00
5.725490450859069824e-01 1.000000000000000000e+00
8.039215803146362305e-01 1.000000000000000000e+00
8.078431487083435059e-01 1.000000000000000000e+00
8.941176533699035645e-01 1.000000000000000000e+00
9.647058844566345215e-01 1.000000000000000000e+00
9.490196108818054199e-01 1.000000000000000000e+00
1.882352977991104126e-01 1.000000000000000000e+00
9.137254953384399414e-01 1.000000000000000000e+00
8.509804010391235352e-01 1.000000000000000000e+00
2.352941222488880157e-02 1.000000000000000000e+00
2.745098061859607697e-02 1.000000000000000000e+00
3.137255087494850159e-02 1.000000000000000000e+00
2.352941222488880157e-02 1.000000000000000000e+00
7.294117808341979980e-01 1.000000000000000000e+00
7.568627595901489258e-01 1.000000000000000000e+00
8.745098114013671875e-01 1.000000000000000000e+00
9.568627476692199707e-01 1.000000000000000000e+00
3.294117748737335205e-01 1.000000000000000000e+00
4.352941215038299561e-01 1.000000000000000000e+00
3.686274588108062744e-01 1.000000000000000000e+00
2.078431397676467896e-01 1.000000000000000000e+00
3.058823645114898682e-01 1.000000000000000000e+00
7.450980693101882935e-02 1.000000000000000000e+00
8.431372642517089844e-01 1.000000000000000000e+00
9.529411792755126953e-01 1.000000000000000000e+00
2.352941222488880157e-02 1.000000000000000000e+00
8.549019694328308105e-01 1.000000000000000000e+00
6.666666865348815918e-01 1.000000000000000000e+00
1.176470592617988586e-01 1.000000000000000000e+00
9.058823585510253906e-01 1.000000000000000000e+00
1.176470611244440079e-02 1.000000000000000000e+00
1.176470611244440079e-02 1.000000000000000000e+00
1.176470611244440079e-02 1.000000000000000000e+00
1.176470611244440079e-02 1.000000000000000000e+00
7.019608020782470703e-01 1.000000000000000000e+00
9.568627476692199707e-01 1.000000000000000000e+00
9.411764889955520630e-02 1.000000000000000000e+00
2.352941222488880157e-02 1.000000000000000000e+00
5.568627715110778809e-01 1.000000000000000000e+00
6.823529601097106934e-01 1.000000000000000000e+00
5.921568870544433594e-01 1.000000000000000000e+00
1.176470611244440079e-02 1.000000000000000000e+00
1.686274558305740356e-01 1.000000000000000000e+00
8.627451211214065552e-02 1.000000000000000000e+00
8.627451211214065552e-02 1.000000000000000000e+00
3.019607961177825928e-01 1.000000000000000000e+00
6.666667014360427856e-02 1.000000000000000000e+00
8.588235378265380859e-01 1.000000000000000000e+00
9.098039269447326660e-01 1.000000000000000000e+00
1.647058874368667603e-01 1.000000000000000000e+00
5.607843399047851562e-01 1.000000000000000000e+00
4.784313738346099854e-01 1.000000000000000000e+00
4.901960790157318115e-01 1.000000000000000000e+00
9.215686321258544922e-01 1.000000000000000000e+00
1.176470611244440079e-02 1.000000000000000000e+00
1.568627543747425079e-02 1.000000000000000000e+00
1.568627543747425079e-02 1.000000000000000000e+00
1.960784383118152618e-02 1.000000000000000000e+00
2.745098061859607697e-02 1.000000000000000000e+00
4.666666686534881592e-01 1.000000000000000000e+00
1.098039224743843079e-01 1.000000000000000000e+00
7.529411911964416504e-01 1.000000000000000000e+00
3.882353007793426514e-01 1.000000000000000000e+00
7.960784435272216797e-01 1.000000000000000000e+00
1.960784383118152618e-02 1.000000000000000000e+00
6.705882549285888672e-01 1.000000000000000000e+00
1.176470611244440079e-02 1.000000000000000000e+00
3.137255087494850159e-02 1.000000000000000000e+00
8.000000119209289551e-01 1.000000000000000000e+00
1.960784383118152618e-02 1.000000000000000000e+00
1.568627543747425079e-02 1.000000000000000000e+00
1.568627543747425079e-02 1.000000000000000000e+00
1.568627543747425079e-02 1.000000000000000000e+00
5.607843399047851562e-01 1.000000000000000000e+00
1.176470611244440079e-02 1.000000000000000000e+00
1.176470611244440079e-02 1.000000000000000000e+00
1.176470611244440079e-02 1.000000000000000000e+00
1.176470611244440079e-02 1.000000000000000000e+00
1.176470611244440079e-02 1.000000000000000000e+00
1.176470611244440079e-02 1.000000000000000000e+00
1.960784383118152618e-02 1.000000000000000000e+00
5.490196123719215393e-02 1.000000000000000000e+00
1.176470611244440079e-02 1.000000000000000000e+00
1.176470611244440079e-02 1.000000000000000000e+00
1.176470611244440079e-02 1.000000000000000000e+00
1.176470611244440079e-02 1.000000000000000000e+00
1.176470611244440079e-02 1.000000000000000000e+00
6.862745285034179688e-01 1.000000000000000000e+00
1.176470611244440079e-02 1.000000000000000000e+00
1.176470611244440079e-02 1.000000000000000000e+00
1.176470611244440079e-02 1.000000000000000000e+00
8.862745165824890137e-01 1.000000000000000000e+00
9.137254953384399414e-01 1.000000000000000000e+00
3.529411926865577698e-02 1.000000000000000000e+00
2.352941222488880157e-02 1.000000000000000000e+00
9.372549057006835938e-01 1.000000000000000000e+00
9.372549057006835938e-01 1.000000000000000000e+00
9.450980424880981445e-01 1.000000000000000000e+00
3.921568859368562698e-03 inf
